28
28
28
27
27
26
25
24
23
22
22
22
22
21
21
20
18
16
16
16
16
15
15
14
14
13
11
28
26
28
23
27
25
23
23
26
28
28
21
22
16
15
13
28
16
16
16
11
13
14
14
15
15
16
16
16
16
18
19
20
21
21
22
22
22
16
16
16
17
17
17
17
17
18
18
18
18
18
19
19
19
19
19
19
19
19
19
19
20
20
20
20
20
20
20
20
20
20
21
21
21
21
21
21
21
21
21
21
21
21
21
21
21
21
21
21
21
21
22
22
22
22
22
22
22
22
22
22
22
22
22
22
22
22
22
22
22
22
22
22
22
22
22
22
22
22
22
22
22
22
22
22
22
22
22
22
22
23
26
28
28
28
28
27
27
26
25
24
23
